# FracYear YYYY MM DD SIE[km^2]
# Area: Northern Hemisphere
# Quantity: Sea Ice Extent
# Product: EUMETSAT OSI SAF Sea Ice Index v2p1 (demonstration)
# References: Product User Manual for OSI-420, Lavergne et al., v1.0, November 2020
# Source: EUMETSAT OSI SAF v2 data, with R&D input from ESA CCI (Lavergne et al., 2019)
# Creation date: 2021-03-29 10:07:18.965159
1979.0411 1979 01 16 15565635
1979.1260 1979 02 16 16287846
1979.2027 1979 03 16 16444950
1979.2877 1979 04 16 15619396
1979.3699 1979 05 16 14086220
1979.4548 1979 06 16 12786635
1979.5370 1979 07 16 10803942
1979.6219 1979 08 16 8481139
1979.7068 1979 09 16 7556042
1979.7890 1979 10 16 9044859
1979.8740 1979 11 16 11214979
1979.9562 1979 12 16 13503579
1980.0410 1980 01 16 15075817
1980.1257 1980 02 16 16128125
1980.2049 1980 03 16 16198498
1980.2896 1980 04 16 15585750
1980.3716 1980 05 16 14061512
1980.4563 1980 06 16 12533646
1980.5383 1980 07 16 10760373
1980.6230 1980 08 16 8629042
1980.7077 1980 09 16 8244083
1980.7896 1980 10 16 9496472
1980.8743 1980 11 16 11605979
1980.9563 1980 12 16 13786421
1981.0411 1981 01 16 15120645
1981.1260 1981 02 16 15744947
1981.2027 1981 03 16 15736933
1981.2877 1981 04 16 15188771
1981.3699 1981 05 16 14055030
1981.4548 1981 06 16 12776344
1981.5370 1981 07 16 11019526
1981.6219 1981 08 16 8517762
1981.7068 1981 09 16 7815969
1981.7890 1981 10 16 9278589
1981.8740 1981 11 16 11270635
1981.9562 1981 12 16 13623065
1982.0411 1982 01 16 15347188
1982.1260 1982 02 16 16240312
1982.2027 1982 03 16 16249012
1982.2877 1982 04 16 15650479
1982.3699 1982 05 16 14239879
1982.4548 1982 06 16 12830948
1982.5370 1982 07 16 11041502
1982.6219 1982 08 16 8785373
1982.7068 1982 09 16 7837333
1982.7890 1982 10 16 9654859
1982.8740 1982 11 16 11670031
1982.9562 1982 12 16 13797681
1983.0411 1983 01 16 15131038
1983.1260 1983 02 16 16128359
1983.2027 1983 03 16 16194496
1983.2877 1983 04 16 15298500
1983.3699 1983 05 16 13718589
1983.4548 1983 06 16 12585635
1983.5370 1983 07 16 11165383
1983.6219 1983 08 16 8729143
1983.7068 1983 09 16 7984198
1983.7890 1983 10 16 9569819
1983.8740 1983 11 16 11599500
1983.9562 1983 12 16 13472530
1984.0410 1984 01 16 14583044
1984.1257 1984 02 16 15448750
1984.2049 1984 03 16 15734022
1984.2896 1984 04 16 15094375
1984.3716 1984 05 16 13732984
1984.4563 1984 06 16 12389833
1984.5383 1984 07 16 10521502
1984.6230 1984 08 16 8379132
1984.7077 1984 09 16 7402708
1984.7896 1984 10 16 8795171
1984.8743 1984 11 16 10973448
1984.9563 1984 12 16 13198296
1985.0411 1985 01 16 14878468
1985.1260 1985 02 16 15585089
1985.2027 1985 03 16 16070383
1985.2877 1985 04 16 15442271
1985.3699 1985 05 16 14218236
1985.4548 1985 06 16 12460875
1985.5370 1985 07 16 10477510
1985.6219 1985 08 16 7995454
1985.7068 1985 09 16 7399573
1985.7890 1985 10 16 8839325
1985.8740 1985 11 16 11094937
1985.9562 1985 12 16 13237520
1986.0411 1986 01 16 14967087
1986.1260 1986 02 16 15898605
1986.2027 1986 03 16 16017450
1986.2877 1986 04 16 -999
1986.3699 1986 05 16 -999
1986.4548 1986 06 16 -999
1986.5370 1986 07 16 10758115
1986.6219 1986 08 16 8446220
1986.7068 1986 09 16 7937948
1986.7890 1986 10 16 9691905
1986.8740 1986 11 16 11625365
1986.9562 1986 12 16 13434556
1987.0411 1987 01 16 15343299
1987.1260 1987 02 16 16166808
1987.2027 1987 03 16 15876411
1987.2877 1987 04 16 15321760
1987.3699 1987 05 16 13918518
1987.4548 1987 06 16 12731302
1987.5370 1987 07 16 10828196
1987.6219 1987 08 16 8012399
1987.7068 1987 09 16 7764458
1987.7890 1987 10 16 9306190
1987.8740 1987 11 16 11373438
1987.9562 1987 12 16 -999
1988.0410 1988 01 16 15233257
1988.1257 1988 02 16 15758815
1988.2049 1988 03 16 16131754
1988.2896 1988 04 16 15222292
1988.3716 1988 05 16 13630302
1988.4563 1988 06 16 12149042
1988.5383 1988 07 16 10305343
1988.6230 1988 08 16 8208327
1988.7077 1988 09 16 7768510
1988.7896 1988 10 16 9386774
1988.8743 1988 11 16 11432437
1988.9563 1988 12 16 13660514
1989.0411 1989 01 16 15035161
1989.1260 1989 02 16 15606897
1989.2027 1989 03 16 15532520
1989.2877 1989 04 16 14376000
1989.3699 1989 05 16 13039819
1989.4548 1989 06 16 12362990
1989.5370 1989 07 16 10559294
1989.6219 1989 08 16 8156976
1989.7068 1989 09 16 7345167
1989.7890 1989 10 16 9083841
1989.8740 1989 11 16 11195438
1989.9562 1989 12 16 13432137
1990.0411 1990 01 16 14826250
1990.1260 1990 02 16 15690045
1990.2027 1990 03 16 15984960
1990.2877 1990 04 16 14714604
1990.3699 1990 05 16 13282097
1990.4548 1990 06 16 11783062
1990.5370 1990 07 16 9816331
1990.6219 1990 08 16 7087581
1990.7068 1990 09 16 6570521
1990.7890 1990 10 16 8670393
1990.8740 1990 11 16 11142438
1990.9562 1990 12 16 13124718
1991.0411 1991 01 16 14404335
1991.1260 1991 02 16 15367701
1991.2027 1991 03 16 15470806
1991.2877 1991 04 16 14937875
1991.3699 1991 05 16 13506452
1991.4548 1991 06 16 12184812
1991.5370 1991 07 16 9984677
1991.6219 1991 08 16 7761149
1991.7068 1991 09 16 6863104
1991.7890 1991 10 16 8754718
1991.8740 1991 11 16 10956812
1991.9562 1991 12 16 13042863
1992.0410 1992 01 16 14770020
1992.1257 1992 02 16 15553341
1992.2049 1992 03 16 15579355
1992.2896 1992 04 16 14746042
1992.3716 1992 05 16 13276048
1992.4563 1992 06 16 12229562
1992.5383 1992 07 16 10627823
1992.6230 1992 08 16 8250282
1992.7077 1992 09 16 7819250
1992.7896 1992 10 16 9462218
1992.8743 1992 11 16 11428688
1992.9563 1992 12 16 13482460
1993.0411 1993 01 16 14976230
1993.1260 1993 02 16 15712879
1993.2027 1993 03 16 15826512
1993.2877 1993 04 16 15103854
1993.3699 1993 05 16 13400121
1993.4548 1993 06 16 11979396
1993.5370 1993 07 16 9975504
1993.6219 1993 08 16 7701310
1993.7068 1993 09 16 6827458
1993.7890 1993 10 16 9003488
1993.8740 1993 11 16 11437729
1993.9562 1993 12 16 13417298
1994.0411 1994 01 16 14769415
1994.1260 1994 02 16 15613036
1994.2027 1994 03 16 15615343
1994.2877 1994 04 16 14846083
1994.3699 1994 05 16 13680181
1994.4548 1994 06 16 12077562
1994.5370 1994 07 16 10341169
1994.6219 1994 08 16 8022641
1994.7068 1994 09 16 7584292
1994.7890 1994 10 16 9066149
1994.8740 1994 11 16 11142354
1994.9562 1994 12 16 13336613
1995.0411 1995 01 16 14669516
1995.1260 1995 02 16 15245357
1995.2027 1995 03 16 15260585
1995.2877 1995 04 16 14444562
1995.3699 1995 05 16 12992802
1995.4548 1995 06 16 11605646
1995.5370 1995 07 16 9421431
1995.6219 1995 08 16 7141956
1995.7068 1995 09 16 6501750
1995.7890 1995 10 16 8147056
1995.8740 1995 11 16 10804188
1995.9562 1995 12 16 12979355
1996.0410 1996 01 16 14248266
1996.1257 1996 02 16 15213168
1996.2049 1996 03 16 15197984
1996.2896 1996 04 16 14262958
1996.3716 1996 05 16 13146935
1996.4563 1996 06 16 12173042
1996.5383 1996 07 16 10533145
1996.6230 1996 08 16 8464617
1996.7077 1996 09 16 7938479
1996.7896 1996 10 16 9290464
1996.8743 1996 11 16 10463271
1996.9563 1996 12 16 12928387
1997.0411 1997 01 16 14495766
1997.1260 1997 02 16 15539330
1997.2027 1997 03 16 15574012
1997.2877 1997 04 16 14585958
1997.3699 1997 05 16 13250625
1997.4548 1997 06 16 11894167
1997.5370 1997 07 16 9930645
1997.6219 1997 08 16 7557298
1997.7068 1997 09 16 7020521
1997.7890 1997 10 16 8596714
1997.8740 1997 11 16 10900521
1997.9562 1997 12 16 13250726
1998.0411 1998 01 16 14801794
1998.1260 1998 02 16 15882098
1998.2027 1998 03 16 15692319
1998.2877 1998 04 16 14949917
1998.3699 1998 05 16 13676794
1998.4548 1998 06 16 11903375
1998.5370 1998 07 16 9882137
1998.6219 1998 08 16 7841472
1998.7068 1998 09 16 6993521
1998.7890 1998 10 16 8758367
1998.8740 1998 11 16 10632167
1998.9562 1998 12 16 12897802
1999.0411 1999 01 16 14480020
1999.1260 1999 02 16 15364844
1999.2027 1999 03 16 15421552
1999.2877 1999 04 16 15107917
1999.3699 1999 05 16 13844738
1999.4548 1999 06 16 11963562
1999.5370 1999 07 16 9849758
1999.6219 1999 08 16 7587601
1999.7068 1999 09 16 6581354
1999.7890 1999 10 16 8924637
1999.8740 1999 11 16 10982979
1999.9562 1999 12 16 12774577
2000.0410 2000 01 16 14311048
2000.1257 2000 02 16 15214095
2000.2049 2000 03 16 15264940
2000.2896 2000 04 16 14605687
2000.3716 2000 05 16 13231613
2000.4563 2000 06 16 11799979
2000.5383 2000 07 16 9969456
2000.6230 2000 08 16 7549940
2000.7077 2000 09 16 6740063
2000.7896 2000 10 16 8673690
2000.8743 2000 11 16 10518771
2000.9563 2000 12 16 12729395
2001.0411 2001 01 16 14318810
2001.1260 2001 02 16 15332567
2001.2027 2001 03 16 15567016
2001.2877 2001 04 16 14868188
2001.3699 2001 05 16 13622399
2001.4548 2001 06 16 11614333
2001.5370 2001 07 16 9524839
2001.6219 2001 08 16 7777702
2001.7068 2001 09 16 7132146
2001.7890 2001 10 16 8598004
2001.8740 2001 11 16 10791333
2001.9562 2001 12 16 12698831
2002.0411 2002 01 16 14410282
2002.1260 2002 02 16 15429821
2002.2027 2002 03 16 15383629
2002.2877 2002 04 16 14338396
2002.3699 2002 05 16 13060847
2002.4548 2002 06 16 11748750
2002.5370 2002 07 16 9758911
2002.6219 2002 08 16 7020504
2002.7068 2002 09 16 6234958
2002.7890 2002 10 16 8448185
2002.8740 2002 11 16 10520292
2002.9562 2002 12 16 12768387
2003.0411 2003 01 16 14532863
2003.1260 2003 02 16 15337344
2003.2027 2003 03 16 15641774
2003.2877 2003 04 16 14582104
2003.3699 2003 05 16 13096835
2003.4548 2003 06 16 11788021
2003.5370 2003 07 16 9723629
2003.6219 2003 08 16 7340847
2003.7068 2003 09 16 6554625
2003.7890 2003 10 16 8204798
2003.8740 2003 11 16 10275000
2003.9562 2003 12 16 12740323
2004.0410 2004 01 16 14099577
2004.1257 2004 02 16 14998147
2004.2049 2004 03 16 15065403
2004.2896 2004 04 16 14033917
2004.3716 2004 05 16 12598488
2004.4563 2004 06 16 11573521
2004.5383 2004 07 16 9892540
2004.6230 2004 08 16 7191351
2004.7077 2004 09 16 6295917
2004.7896 2004 10 16 8180464
2004.8743 2004 11 16 10524458
2004.9563 2004 12 16 12652419
2005.0411 2005 01 16 13688427
2005.1260 2005 02 16 14488817
2005.2027 2005 03 16 14742863
2005.2877 2005 04 16 14103750
2005.3699 2005 05 16 12937601
2005.4548 2005 06 16 11333021
2005.5370 2005 07 16 9247056
2005.6219 2005 08 16 6650625
2005.7068 2005 09 16 5820521
2005.7890 2005 10 16 7716694
2005.8740 2005 11 16 10377021
2005.9562 2005 12 16 12364073
2006.0411 2006 01 16 13615827
2006.1260 2006 02 16 14451094
2006.2027 2006 03 16 14518508
2006.2877 2006 04 16 13943062
2006.3699 2006 05 16 12665988
2006.4548 2006 06 16 11181958
2006.5370 2006 07 16 9071956
2006.6219 2006 08 16 6969899
2006.7068 2006 09 16 6350646
2006.7890 2006 10 16 7982863
2006.8740 2006 11 16 9914875
2006.9562 2006 12 16 12199899
2007.0411 2007 01 16 13817278
2007.1260 2007 02 16 14620893
2007.2027 2007 03 16 14690625
2007.2877 2007 04 16 14044208
2007.3699 2007 05 16 12973589
2007.4548 2007 06 16 11505771
2007.5370 2007 07 16 8539415
2007.6219 2007 08 16 5845423
2007.7068 2007 09 16 4701833
2007.7890 2007 10 16 6563448
2007.8740 2007 11 16 10050708
2007.9562 2007 12 16 12274859
2008.0410 2008 01 16 14090202
2008.1257 2008 02 16 15144828
2008.2049 2008 03 16 15319597
2008.2896 2008 04 16 14504833
2008.3716 2008 05 16 13165524
2008.4563 2008 06 16 11544417
2008.5383 2008 07 16 9278871
2008.6230 2008 08 16 6614315
2008.7077 2008 09 16 5315271
2008.7896 2008 10 16 7835343
2008.8743 2008 11 16 10587000
2008.9563 2008 12 16 12562319
2009.0411 2009 01 16 14163246
2009.1260 2009 02 16 14984710
2009.2027 2009 03 16 15184980
2009.2877 2009 04 16 14659792
2009.3699 2009 05 16 13424476
2009.4548 2009 06 16 11708083
2009.5370 2009 07 16 9359052
2009.6219 2009 08 16 6701532
2009.7068 2009 09 16 5832792
2009.7890 2009 10 16 7421149
2009.8740 2009 11 16 10097583
2009.9562 2009 12 16 12449577
2010.0411 2010 01 16 13880565
2010.1260 2010 02 16 14746250
2010.2027 2010 03 16 15312762
2010.2877 2010 04 16 14861583
2010.3699 2010 05 16 13105121
2010.4548 2010 06 16 11013104
2010.5370 2010 07 16 8952077
2010.6219 2010 08 16 6550464
2010.7068 2010 09 16 5471250
2010.7890 2010 10 16 7540504
2010.8740 2010 11 16 9934625
2010.9562 2010 12 16 12063246
2011.0411 2011 01 16 13653427
2011.1260 2011 02 16 14537835
2011.2027 2011 03 16 14731371
2011.2877 2011 04 16 14258896
2011.3699 2011 05 16 12958931
2011.4548 2011 06 16 11190062
2011.5370 2011 07 16 8732500
2011.6219 2011 08 16 6209718
2011.7068 2011 09 16 5126479
2011.7890 2011 10 16 6992359
2011.8740 2011 11 16 10047938
2011.9562 2011 12 16 12455645
2012.0410 2012 01 16 13967016
2012.1257 2012 02 16 14795711
2012.2049 2012 03 16 15457661
2012.2896 2012 04 16 14831646
2012.3716 2012 05 16 13251149
2012.4563 2012 06 16 11128312
2012.5383 2012 07 16 8495746
2012.6230 2012 08 16 5434919
2012.7077 2012 09 16 4137521
2012.7896 2012 10 16 6382399
2012.8743 2012 11 16 9693396
2012.9563 2012 12 16 12310766
2013.0411 2013 01 16 13947137
2013.1260 2013 02 16 14896339
2013.2027 2013 03 16 15080524
2013.2877 2013 04 16 14395729
2013.3699 2013 05 16 13242762
2013.4548 2013 06 16 11731583
2013.5370 2013 07 16 8799577
2013.6219 2013 08 16 6501552
2013.7068 2013 09 16 5608354
2013.7890 2013 10 16 7868347
2013.8740 2013 11 16 10232396
2013.9562 2013 12 16 12371875
2014.0411 2014 01 16 13879214
2014.1260 2014 02 16 14633906
2014.2027 2014 03 16 14942036
2014.2877 2014 04 16 14209208
2014.3699 2014 05 16 12920262
2014.4548 2014 06 16 11422708
2014.5370 2014 07 16 8784577
2014.6219 2014 08 16 6581028
2014.7068 2014 09 16 5746813
2014.7890 2014 10 16 7655040
2014.8740 2014 11 16 10376354
2014.9562 2014 12 16 12538306
2015.0411 2015 01 16 13736573
2015.1260 2015 02 16 14501607
2015.2027 2015 03 16 14472883
2015.2877 2015 04 16 14024521
2015.3699 2015 05 16 12640867
2015.4548 2015 06 16 11220250
2015.5370 2015 07 16 9169294
2015.6219 2015 08 16 6265806
2015.7068 2015 09 16 5223146
2015.7890 2015 10 16 7460706
2015.8740 2015 11 16 10097979
2015.9562 2015 12 16 12130927
2016.0410 2016 01 16 13648347
2016.1257 2016 02 16 14358534
2016.2049 2016 03 16 14574536
2016.2896 2016 04 16 13817500
2016.3716 2016 05 16 12139234
2016.4563 2016 06 16 10824042
2016.5383 2016 07 16 8690605
2016.6230 2016 08 16 6070504
2016.7077 2016 09 16 5094125
2016.7896 2016 10 16 6558589
2016.8743 2016 11 16 9023312
2016.9563 2016 12 16 11761976
2017.0411 2017 01 16 13429234
2017.1260 2017 02 16 14356362
2017.2027 2017 03 16 14463145
2017.2877 2017 04 16 13874646
2017.3699 2017 05 16 12771956
2017.4548 2017 06 16 11128083
2017.5370 2017 07 16 8746935
2017.6219 2017 08 16 6040968
2017.7068 2017 09 16 5319417
2017.7890 2017 10 16 7192540
2017.8740 2017 11 16 9805062
2017.9562 2017 12 16 12019214
2018.0411 2018 01 16 13281169
2018.1260 2018 02 16 14128906
2018.2027 2018 03 16 14426210
2018.2877 2018 04 16 13811938
2018.3699 2018 05 16 12438508
2018.4548 2018 06 16 11116583
2018.5370 2018 07 16 9050907
2018.6219 2018 08 16 6120222
2018.7068 2018 09 16 5282625
2018.7890 2018 10 16 6604516
2018.8740 2018 11 16 10144583
2018.9562 2018 12 16 12107419
2019.0411 2019 01 16 13752802
2019.1260 2019 02 16 14518817
2019.2027 2019 03 16 14665948
2019.2877 2019 04 16 13584625
2019.3699 2019 05 16 12349234
2019.4548 2019 06 16 10996854
2019.5370 2019 07 16 8497581
2019.6219 2019 08 16 5653004
2019.7068 2019 09 16 4833812
2019.7890 2019 10 16 6173891
2019.8740 2019 11 16 9651604
2019.9562 2019 12 16 12135806
2020.0410 2020 01 16 13770927
2020.1257 2020 02 16 14729397
2020.2049 2020 03 16 14829254
2020.2896 2020 04 16 13784542
2020.3716 2020 05 16 12526855
2020.4563 2020 06 16 11025208
2020.5383 2020 07 16 8104657
2020.6230 2020 08 16 5584073
2020.7077 2020 09 16 4475510
2020.7896 2020 10 16 5749597
2020.8743 2020 11 16 9328646
2020.9563 2020 12 16 12016734
2021.0411 2021 01 16 13701754
2021.1260 2021 02 16 14522500
2021.2027 2021 03 16 14842702
